image_width: 320		
image_height: 240
camera_name: guidance/left
camera_matrix:
  rows: 3
  cols: 3
  data: [245.368859, 0.000000, 158.314132, 0.000000, 240.738952, 116.779806, 0.000000, 0.000000, 1.000000]
distortion_model: plumb_bob
distortion_coefficients:
  rows: 1
  cols: 5
  data: [0.007122,-0.007872, 0.000653, -0.006512, 0.000000]
rectification_matrix:
  rows: 3
  cols: 3
  data: [0.999952, -0.006217, 0.007620, 0.006210, 0.999980, 0.001017, -0.007626, -0.000970, 0.999970]
projection_matrix:
  rows: 3
  cols: 4
  data: [246.754878, 0.000000, 153.224314, 0.000000, 0.000000, 246.754878, 116.338415, 0.000000, 0.000000, 0.000000, 1.000000, 0.000000]
