image_width: 320		
image_height: 240
camera_name: guidance/right
camera_matrix:
  rows: 3
  cols: 3
  data: [244.002450, 0.000000, 158.530163, 0.000000, 239.465422, 116.024384, 0.000000, 0.000000, 1.000000]
distortion_model: plumb_bob
distortion_coefficients:
  rows: 1
  cols: 5
  data: [0.002217, -0.000981, -0.000940, -0.006261, 0.000000]
rectification_matrix:
  rows: 3
  cols: 3
  data: [0.999938, -0.005939, 0.009449, 0.005949, 0.999982, -0.000965, -0.009443, 0.001022, 0.999955]
projection_matrix:
  rows: 3
  cols: 4
  data: [246.754878, 0.000000, 153.224314, -36.144305, 0.000000, 246.754878, 116.338415, 0.000000, 0.000000, 0.000000, 1.000000, 0.000000]
